2,5
2,2
1,2
0,511
0,509
0,508
0,507
0,505
0,504
0,502
0,501
0,500
0,497
0,496
0,494
0,491
0,490
0,489
0,488
0,487
0,486
0,485
0,484
0,483
0,480
0,476
0,474
0,473
117,4
0,472
0,471
1,1
0,470
1,3
0,469
0,468
1,0
0,467
0,466
2,1
0,465
0,464
2,4
0,463
0,462
2,3
2,0
0,461
119,5
0,460
108,1
0,459
0,458
108,3
0,457
0,455
108,0
0,454
0,453
0,452
114,4
0,451
0,450
114,3
0,449
0,448
114,0
0,447
0,446
0,445
104,1
0,444
0,408
104,3
0,383
0,381
104,0
0,377
0,370
107,1
0,355
0,353
107,3
0,351
107,0
0,350
0,349
0,345
0,344
120,1
0,340
0,339
120,3
0,338
0,336
0,335
120,0
0,332
0,329
117,1
0,324
0,323
117,3
0,322
0,320
117,0
0,301
0,243
119,1
119,3
119,0
0,9
0,426
0,310
0,305
0,308
0,304
0,303
0,302
0,307
0,12
0,403
0,10
0,8
0,0
0,405
0,300
0,342
0,299
0,326
0,298
0,364
0,297
0,380
0,296
0,397
0,295
0,341
0,294
0,492
0,293
0,388
0,292
0,291
0,346
0,290
0,375
0,289
0,288
0,387
0,287
0,396
0,286
0,385
0,285
0,325
0,284
0,384
0,283
0,374
0,282
0,312
0,281
0,358
0,280
0,348
0,279
0,386
0,278
0,330
0,277
0,311
0,276
2,6
2,7
2,9
3,0
3,2
3,3
3,5
4,0
4,1
4,3
22,0
22,2
22,4
26,0
26,2
26,3
28,1
28,2
28,4
29,1
29,2
30,0
30,1
30,3
31,0
31,1
31,3
31,4
32,0
32,1
32,3
33,0
33,1
33,3
33,4
34,0
34,2
34,3
34,5
34,6
34,8
34,9
34,11
34,13
34,14
34,16
34,17
34,19
34,21
34,22
34,24
36,0
36,2
36,4
37,0
37,2
37,3
37,5
39,0
39,3
52,0
52,1
52,4
52,30
53,0
53,3
53,4
53,7
57,0
57,3
60,0
60,3
60,5
65,0
66,0
66,1
67,0
67,3
69,0
69,3
70,0
70,3
70,11
70,84
71,0
71,1
71,4
73,0
73,3
74,1
74,3
76,0
76,1
78,0
78,3
80,0
80,3
91,0
91,3
92,0
93,0
93,3
93,133
94,1
94,2
95,0
95,2
95,3
95,5
97,0
97,2
97,3
102,1
102,3
103,0
103,2
103,3
104,2
107,2
107,4
108,4
114,1
114,5
117,2
119,4
120,2
120,4
120,5
119,6
119,2
114,2
108,2
104,4
103,4
103,1
102,2
102,0
97,1
95,4
95,1
94,3
94,0
93,1
92,3
91,1
80,1
78,1
76,3
74,100
74,0
73,1
71,3
70,85
70,83
70,1
69,1
67,1
66,3
65,3
60,4
60,1
57,1
53,5
53,1
52,31
52,3
39,4
39,1
37,4
37,1
36,3
36,1
34,23
34,20
34,18
34,15
34,12
34,10
34,7
34,4
34,1
33,5
33,2
32,4
32,2
31,6
31,2
30,4
30,2
29,3
29,0
28,3
28,0
26,1
22,3
22,1
4,2
3,6
3,4
3,1
2,8
0,363
0,275
0,319
0,274
0,357
0,273
0,437
0,272
0,433
0,271
0,362
0,270
0,379
0,269
0,436
0,268
0,416
0,267
0,456
0,266
0,361
0,265
0,378
0,264
0,479
0,263
0,360
0,262
0,404
0,261
0,337
0,260
0,430
0,259
0,359
0,258
0,395
0,257
0,503
0,256
0,356
0,255
0,415
0,254
0,318
0,253
0,443
0,252
0,429
0,251
0,414
0,250
0,435
0,249
0,309
0,248
0,317
0,247
0,354
0,246
0,413
0,245
0,425
0,244
0,442
0,242
0,402
0,241
0,441
0,240
0,316
0,239
0,424
0,238
0,306
0,237
0,428
0,236
0,394
0,235
0,401
0,234
0,434
0,233
0,409
0,232
0,422
0,231
0,423
0,230
0,499
0,229
0,228
0,382
0,227
0,315
0,226
0,393
0,225
0,431
0,224
0,223
0,373
0,222
0,421
0,221
0,412
0,220
0,440
0,219
0,420
0,218
0,343
0,217
0,314
0,216
0,427
0,215
0,313
0,214
0,419
0,213
0,482
0,212
0,400
0,211
0,510
0,210
0,334
0,209
0,411
0,208
0,495
0,207
0,333
0,206
0,399
0,205
0,204
0,392
0,203
0,432
0,202
0,372
0,201
0,391
0,200
0,369
0,199
0,328
0,198
0,410
0,197
0,418
0,196
0,439
0,195
0,398
0,194
0,366
0,193
0,376
0,192
0,365
0,63
0,498
0,62
0,61
0,417
0,60
0,407
0,59
0,352
0,58
0,57
0,331
0,56
0,390
0,55
0,321
0,54
0,327
0,53
0,406
0,52
0,371
0,51
0,506
0,50
0,368
0,49
0,438
0,48
0,389
0,47
0,493
0,46
0,367
0,45
0,347
0,6
0,5
0,1
0,11
0,4
0,2
0,3
0,7
